cam_pos      = [149.838, 448.292, -282.538]';
cam_dir      = [0.28236, -0.595149, 0.752377]';
cam_up       = [0.0644537, 0.794288, 0.604113]';
cam_lookat   = [0, 0, 1]';
cam_sky      = [0, 1, 0]';
cam_right    = [1.273, 0.162372, -0.349305]';
cam_fpoint   = [0, 0, 10]';
cam_angle    = 90;
