cam_pos      = [155.123, 452.496, -280.654]';
cam_dir      = [0.310958, -0.56948, 0.760919]';
cam_up       = [-0.000894088, 0.800435, 0.599419]';
cam_lookat   = [0, 0, 1]';
cam_sky      = [0, 1, 0]';
cam_right    = [1.26406, 0.24881, -0.330363]';
cam_fpoint   = [0, 0, 10]';
cam_angle    = 90;
