cam_pos      = [150.263, 459.943, -283.683]';
cam_dir      = [0.458704, -0.423441, 0.781209]';
cam_up       = [-0.00276659, 0.878472, 0.477785]';
cam_lookat   = [0, 0, 1]';
cam_sky      = [0, 1, 0]';
cam_right    = [1.18182, 0.29436, -0.534377]';
cam_fpoint   = [0, 0, 10]';
cam_angle    = 90;
