cam_pos      = [155.578, 453.167, -273.278]';
cam_dir      = [0.606934, -0.258002, 0.751709]';
cam_up       = [-0.0420891, 0.934079, 0.354578]';
cam_lookat   = [0, 0, 1]';
cam_sky      = [0, 1, 0]';
cam_right    = [1.05554, 0.328303, -0.739566]';
cam_fpoint   = [0, 0, 10]';
cam_angle    = 90;
