cam_pos      = [150.607, 460.274, -283.634]';
cam_dir      = [0.490459, -0.421236, 0.762896]';
cam_up       = [-0.0022484, 0.874804, 0.484472]';
cam_lookat   = [0, 0, 1]';
cam_sky      = [0, 1, 0]';
cam_right    = [1.15904, 0.318308, -0.569384]';
cam_fpoint   = [0, 0, 10]';
cam_angle    = 90;
