cam_pos      = [149.889, 447.964, -282.22]';
cam_dir      = [0.26881, -0.59498, 0.757456]';
cam_up       = [0.0631806, 0.795599, 0.60252]';
cam_lookat   = [0, 0, 1]';
cam_sky      = [0, 1, 0]';
cam_right    = [1.27829, 0.151762, -0.334436]';
cam_fpoint   = [0, 0, 10]';
cam_angle    = 90;
