cam_pos      = [148.745, 448.511, -275.326]';
cam_dir      = [0.361762, -0.429522, 0.827429]';
cam_up       = [0.0788494, 0.898459, 0.43192]';
cam_lookat   = [0, 0, 1]';
cam_sky      = [0, 1, 0]';
cam_right    = [1.23548, 0.121043, -0.47733]';
cam_fpoint   = [0, 0, 10]';
cam_angle    = 90;
