cam_pos      = [151.489, 461.039, -282.977]';
cam_dir      = [0.536349, -0.409332, 0.73809]';
cam_up       = [-0.016207, 0.869362, 0.49391]';
cam_lookat   = [0, 0, 1]';
cam_sky      = [0, 1, 0]';
cam_right    = [1.12231, 0.368237, -0.611331]';
cam_fpoint   = [0, 0, 10]';
cam_angle    = 90;
