cam_pos      = [155.553, 453.183, -273.282]';
cam_dir      = [0.607799, -0.26016, 0.750265]';
cam_up       = [-0.0396804, 0.933679, 0.355905]';
cam_lookat   = [0, 0, 1]';
cam_sky      = [0, 1, 0]';
cam_right    = [1.05482, 0.3273, -0.741031]';
cam_fpoint   = [0, 0, 10]';
cam_angle    = 90;
