cam_pos      = [149.981, 448.183, -281.916]';
cam_dir      = [0.269486, -0.590473, 0.760735]';
cam_up       = [0.0576235, 0.798432, 0.599321]';
cam_lookat   = [0, 0, 1]';
cam_sky      = [0, 1, 0]';
cam_right    = [1.2785, 0.156504, -0.331424]';
cam_fpoint   = [0, 0, 10]';
cam_angle    = 90;
