cam_pos      = [154.442, 451.899, -280.062]';
cam_dir      = [0.297817, -0.565179, 0.769336]';
cam_up       = [0.00933302, 0.807591, 0.589669]';
cam_lookat   = [0, 0, 1]';
cam_sky      = [0, 1, 0]';
cam_right    = [1.26959, 0.224016, -0.326899]';
cam_fpoint   = [0, 0, 10]';
cam_angle    = 90;
