cam_pos      = [149.835, 447.911, -282.427]';
cam_dir      = [0.270536, -0.597197, 0.755094]';
cam_up       = [0.0660356, 0.794006, 0.604313]';
cam_lookat   = [0, 0, 1]';
cam_sky      = [0, 1, 0]';
cam_right    = [1.27739, 0.151121, -0.338143]';
cam_fpoint   = [0, 0, 10]';
cam_angle    = 90;
