cam_pos      = [148.466, 448.801, -274.628]';
cam_dir      = [0.349131, -0.42068, 0.837339]';
cam_up       = [0.0642061, 0.902207, 0.426498]';
cam_lookat   = [0, 0, 1]';
cam_sky      = [0, 1, 0]';
cam_right    = [1.24338, 0.126538, -0.454857]';
cam_fpoint   = [0, 0, 10]';
cam_angle    = 90;
