cam_pos      = [148.359, 448.665, -274.627]';
cam_dir      = [0.351893, -0.417433, 0.837807]';
cam_up       = [0.0709965, 0.904379, 0.420783]';
cam_lookat   = [0, 0, 1]';
cam_sky      = [0, 1, 0]';
cam_right    = [1.24135, 0.117824, -0.462682]';
cam_fpoint   = [0, 0, 10]';
cam_angle    = 90;
