cam_pos      = [156.442, 453.712, -281.76]';
cam_dir      = [0.336163, -0.574505, 0.746283]';
cam_up       = [-0.0180255, 0.788328, 0.614991]';
cam_lookat   = [0, 0, 1]';
cam_sky      = [0, 1, 0]';
cam_right    = [1.25237, 0.292851, -0.338686]';
cam_fpoint   = [0, 0, 10]';
cam_angle    = 90;
