cam_pos      = [157.752, 454.957, -282.788]';
cam_dir      = [0.36164, -0.573177, 0.735312]';
cam_up       = [-0.0310959, 0.780839, 0.623958]';
cam_lookat   = [0, 0, 1]';
cam_sky      = [0, 1, 0]';
cam_right    = [1.23929, 0.330524, -0.351863]';
cam_fpoint   = [0, 0, 10]';
cam_angle    = 90;
