cam_pos      = [151.321, 460.915, -283.251]';
cam_dir      = [0.536309, -0.413167, 0.735979]';
cam_up       = [-0.00888102, 0.86918, 0.494415]';
cam_lookat   = [0, 0, 1]';
cam_sky      = [0, 1, 0]';
cam_right    = [1.12249, 0.361356, -0.615098]';
cam_fpoint   = [0, 0, 10]';
cam_angle    = 90;
