cam_pos      = [146.884, 450.233, -272.853]';
cam_dir      = [0.166519, -0.488474, 0.856542]';
cam_up       = [0.0208533, 0.870221, 0.49222]';
cam_lookat   = [0, 0, 1]';
cam_sky      = [0, 1, 0]';
cam_right    = [1.31114, 0.0852561, -0.206275]';
cam_fpoint   = [0, 0, 10]';
cam_angle    = 90;
