cam_pos      = [3.5, 5.1, 6]';
cam_dir      = [-2.61724, -3.73892, -4.4867]';
cam_up       = [-0.294365, 0.811605, -0.504625]';
cam_lookat   = [0, 0.1, 0]';
cam_sky      = [0, 1, 0]';
cam_right    = [-1.15171, 0, 0.671828]';
cam_fpoint   = [0, 0, 1]';
cam_angle    = 90;
