cam_pos      = [150.947, 460.592, -283.538]';
cam_dir      = [0.519015, -0.418705, 0.745191]';
cam_up       = [-0.00251789, 0.871055, 0.491178]';
cam_lookat   = [0, 0, 1]';
cam_sky      = [0, 1, 0]';
cam_right    = [1.13683, 0.341551, -0.599879]';
cam_fpoint   = [0, 0, 10]';
cam_angle    = 90;
