cam_pos      = [148.328, 448.38, -274.805]';
cam_dir      = [0.355386, -0.422275, 0.833898]';
cam_up       = [0.079312, 0.902542, 0.423234]';
cam_lookat   = [0, 0, 1]';
cam_sky      = [0, 1, 0]';
cam_right    = [1.23869, 0.112084, -0.471142]';
cam_fpoint   = [0, 0, 10]';
cam_angle    = 90;
