cam_pos      = [148.304, 448.518, -274.682]';
cam_dir      = [0.354082, -0.417962, 0.83662]';
cam_up       = [0.0756827, 0.904448, 0.419816]';
cam_lookat   = [0, 0, 1]';
cam_sky      = [0, 1, 0]';
cam_right    = [1.23976, 0.113491, -0.468003]';
cam_fpoint   = [0, 0, 10]';
cam_angle    = 90;
