cam_pos      = [158.367, 455.56, -283.263]';
cam_dir      = [0.374442, -0.570603, 0.730893]';
cam_up       = [-0.0366833, 0.778504, 0.626566]';
cam_lookat   = [0, 0, 1]';
cam_sky      = [0, 1, 0]';
cam_right    = [1.23228, 0.347695, -0.359862]';
cam_fpoint   = [0, 0, 10]';
cam_angle    = 90;
