cam_pos      = [154.753, 456.286, -284.372]';
cam_dir      = [0.41654, -0.586861, 0.694326]';
cam_up       = [-0.0271278, 0.755373, 0.654734]';
cam_lookat   = [0, 0, 1]';
cam_sky      = [0, 1, 0]';
cam_right    = [1.20859, 0.387772, -0.3973]';
cam_fpoint   = [0, 0, 10]';
cam_angle    = 90;
