cam_pos      = [149.821, 448.03, -282.528]';
cam_dir      = [0.275312, -0.597065, 0.75347]';
cam_up       = [0.0662844, 0.793682, 0.604711]';
cam_lookat   = [0, 0, 1]';
cam_sky      = [0, 1, 0]';
cam_right    = [1.27556, 0.155, -0.343254]';
cam_fpoint   = [0, 0, 10]';
cam_angle    = 90;
