cam_pos      = [148.619, 448.933, -274.745]';
cam_dir      = [0.349216, -0.423478, 0.835892]';
cam_up       = [0.0597314, 0.900299, 0.431153]';
cam_lookat   = [0, 0, 1]';
cam_sky      = [0, 1, 0]';
cam_right    = [1.24373, 0.133847, -0.451793]';
cam_fpoint   = [0, 0, 10]';
cam_angle    = 90;
