cam_pos      = [146.537, 450.038, -272.601]';
cam_dir      = [0.159036, -0.478432, 0.863603]';
cam_up       = [0.0300479, 0.876677, 0.480141]';
cam_lookat   = [0, 0, 1]';
cam_sky      = [0, 1, 0]';
cam_right    = [1.31246, 0.0670454, -0.204553]';
cam_fpoint   = [0, 0, 10]';
cam_angle    = 90;
