cam_pos      = [148.467, 448.395, -274.994]';
cam_dir      = [0.357543, -0.425593, 0.831284]';
cam_up       = [0.0798089, 0.900792, 0.426853]';
cam_lookat   = [0, 0, 1]';
cam_sky      = [0, 1, 0]';
cam_right    = [1.23754, 0.114745, -0.473531]';
cam_fpoint   = [0, 0, 10]';
cam_angle    = 90;
