cam_pos      = [159.407, 456.645, -284.098]';
cam_dir      = [0.396852, -0.564739, 0.723587]';
cam_up       = [-0.0452035, 0.775341, 0.629923]';
cam_lookat   = [0, 0, 1]';
cam_sky      = [0, 1, 0]';
cam_right    = [1.2193, 0.375984, -0.375282]';
cam_fpoint   = [0, 0, 10]';
cam_angle    = 90;
