cam_pos      = [153.729, 451.302, -279.438]';
cam_dir      = [0.28462, -0.559876, 0.778158]';
cam_up       = [0.0200727, 0.815033, 0.579066]';
cam_lookat   = [0, 0, 1]';
cam_sky      = [0, 1, 0]';
cam_right    = [1.27471, 0.198428, -0.323473]';
cam_fpoint   = [0, 0, 10]';
cam_angle    = 90;
