cam_pos      = [150.036, 450.664, -281.753]';
cam_dir      = [0.315161, -0.57965, 0.751452]';
cam_up       = [0.040761, 0.79934, 0.599494]';
cam_lookat   = [0, 0, 1]';
cam_sky      = [0, 1, 0]';
cam_right    = [1.26106, 0.210548, -0.366479]';
cam_fpoint   = [0, 0, 10]';
cam_angle    = 90;
