cam_pos      = [149.876, 448.666, -282.471]';
cam_dir      = [0.290622, -0.592027, 0.751693]';
cam_up       = [0.0610181, 0.79547, 0.602914]';
cam_lookat   = [0, 0, 1]';
cam_sky      = [0, 1, 0]';
cam_right    = [1.27, 0.172039, -0.355516]';
cam_fpoint   = [0, 0, 10]';
cam_angle    = 90;
