cam_pos      = [148.337, 448.603, -274.662]';
cam_dir      = [0.353356, -0.417187, 0.837314]';
cam_up       = [0.0734404, 0.904663, 0.419751]';
cam_lookat   = [0, 0, 1]';
cam_sky      = [0, 1, 0]';
cam_right    = [1.24036, 0.115482, -0.465907]';
cam_fpoint   = [0, 0, 10]';
cam_angle    = 90;
