cam_pos      = [155.469, 456.986, -284.994]';
cam_dir      = [0.430272, -0.589085, 0.683992]';
cam_up       = [-0.0342929, 0.746505, 0.664496]';
cam_lookat   = [0, 0, 1]';
cam_sky      = [0, 1, 0]';
cam_right    = [1.19972, 0.411462, -0.400327]';
cam_fpoint   = [0, 0, 10]';
cam_angle    = 90;
