cam_pos      = [149.926, 449.121, -282.344]';
cam_dir      = [0.299045, -0.588298, 0.751317]';
cam_up       = [0.0564595, 0.796876, 0.601499]';
cam_lookat   = [0, 0, 1]';
cam_sky      = [0, 1, 0]';
cam_right    = [1.26691, 0.182816, -0.361118]';
cam_fpoint   = [0, 0, 10]';
cam_angle    = 90;
