cam_pos      = [151.218, 460.831, -283.367]';
cam_dir      = [0.533692, -0.415024, 0.736836]';
cam_up       = [-0.00597474, 0.869424, 0.494031]';
cam_lookat   = [0, 0, 1]';
cam_sky      = [0, 1, 0]';
cam_right    = [1.12473, 0.356524, -0.613828]';
cam_fpoint   = [0, 0, 10]';
cam_angle    = 90;
