cam_pos      = [148.287, 448.432, -274.715]';
cam_dir      = [0.354496, -0.419693, 0.835578]';
cam_up       = [0.0777892, 0.90375, 0.420933]';
cam_lookat   = [0, 0, 1]';
cam_sky      = [0, 1, 0]';
cam_right    = [1.23932, 0.112012, -0.469521]';
cam_fpoint   = [0, 0, 10]';
cam_angle    = 90;
