cam_pos      = [150.015, 450.15, -281.969]';
cam_dir      = [0.31224, -0.581582, 0.751178]';
cam_up       = [0.0459623, 0.799033, 0.599528]';
cam_lookat   = [0, 0, 1]';
cam_sky      = [0, 1, 0]';
cam_right    = [1.26203, 0.203052, -0.367374]';
cam_fpoint   = [0, 0, 10]';
cam_angle    = 90;
