cam_pos      = [149.975, 449.626, -282.171]';
cam_dir      = [0.306591, -0.584595, 0.751167]';
cam_up       = [0.0512722, 0.798169, 0.600247]';
cam_lookat   = [0, 0, 1]';
cam_sky      = [0, 1, 0]';
cam_right    = [1.26411, 0.193538, -0.365331]';
cam_fpoint   = [0, 0, 10]';
cam_angle    = 90;
