cam_pos      = [151.094, 460.725, -283.463]';
cam_dir      = [0.52835, -0.416944, 0.739597]';
cam_up       = [-0.00377084, 0.869951, 0.493124]';
cam_lookat   = [0, 0, 1]';
cam_sky      = [0, 1, 0]';
cam_right    = [1.12919, 0.35023, -0.609228]';
cam_fpoint   = [0, 0, 10]';
cam_angle    = 90;
