cam_pos      = [157.103, 454.336, -282.285]';
cam_dir      = [0.348651, -0.574677, 0.740398]';
cam_up       = [-0.0248285, 0.784026, 0.620232]';
cam_lookat   = [0, 0, 1]';
cam_sky      = [0, 1, 0]';
cam_right    = [1.24611, 0.312054, -0.34458]';
cam_fpoint   = [0, 0, 10]';
cam_angle    = 90;
