cam_pos      = [155.785, 453.099, -281.217]';
cam_dir      = [0.323817, -0.572629, 0.753152]';
cam_up       = [-0.0101579, 0.793893, 0.607973]';
cam_lookat   = [0, 0, 1]';
cam_sky      = [0, 1, 0]';
cam_right    = [1.25827, 0.272016, -0.334176]';
cam_fpoint   = [0, 0, 10]';
cam_angle    = 90;
