cam_pos      = [158.926, 456.128, -283.702]';
cam_dir      = [0.386394, -0.567577, 0.727019]';
cam_up       = [-0.0414396, 0.776759, 0.628433]';
cam_lookat   = [0, 0, 1]';
cam_sky      = [0, 1, 0]';
cam_right    = [1.22546, 0.363024, -0.367898]';
cam_fpoint   = [0, 0, 10]';
cam_angle    = 90;
