cam_pos      = [3.4, 5.1, 6.1]';
cam_dir      = [-2.53349, -3.72572, -4.54538]';
cam_up       = [-0.283421, 0.813086, -0.508491]';
cam_lookat   = [0, 0.1, 0]';
cam_sky      = [0, 1, 0]';
cam_right    = [-1.16464, 0, 0.649144]';
cam_fpoint   = [0, 0, 1]';
cam_angle    = 90;
