cam_pos      = [150.431, 460.106, -283.663]';
cam_dir      = [0.474203, -0.422274, 0.772539]';
cam_up       = [-0.00255653, 0.876806, 0.480837]';
cam_lookat   = [0, 0, 1]';
cam_sky      = [0, 1, 0]';
cam_right    = [1.17095, 0.305885, -0.551558]';
cam_fpoint   = [0, 0, 10]';
cam_angle    = 90;
