cam_pos      = [150.782, 460.439, -283.594]';
cam_dir      = [0.505899, -0.420099, 0.753381]';
cam_up       = [-0.00212781, 0.872781, 0.488108]';
cam_lookat   = [0, 0, 1]';
cam_sky      = [0, 1, 0]';
cam_right    = [1.14724, 0.330553, -0.586058]';
cam_fpoint   = [0, 0, 10]';
cam_angle    = 90;
