cam_pos      = [148.39, 448.721, -274.602]';
cam_dir      = [0.350254, -0.41863, 0.837897]';
cam_up       = [0.0679409, 0.903562, 0.423037]';
cam_lookat   = [0, 0, 1]';
cam_sky      = [0, 1, 0]';
cam_right    = [1.24247, 0.121353, -0.458741]';
cam_fpoint   = [0, 0, 10]';
cam_angle    = 90;
