cam_pos      = [151.41, 460.982, -283.12]';
cam_dir      = [0.53695, -0.411298, 0.736559]';
cam_up       = [-0.0123423, 0.869175, 0.49435]';
cam_lookat   = [0, 0, 1]';
cam_sky      = [0, 1, 0]';
cam_right    = [1.12189, 0.365128, -0.613964]';
cam_fpoint   = [0, 0, 10]';
cam_angle    = 90;
